   11.1429    8.8571    7.1429   -0.1941   -8.6905    7.2455   11.1445   12.4086   10.1744
   11.9768   10.0000    7.1429    0.2857   -9.8819    7.5398   11.9803   14.0588   10.3860
   13.2556    9.4286    7.7143    0.2857   -8.9575    7.7641   13.2587   13.0052   10.9449
   13.7039   10.0000    7.7143    0.2857  -10.3016    7.8218   13.7068   14.3570   10.9860
   14.5471    9.4286    8.2857    0.2857   -9.5141    8.4078   14.5499   13.3946   11.8044
   12.6890   10.0000    8.9517    0.2857   -9.9340    8.8571   12.6922   14.0956   12.5929
   14.1661   10.0000    9.4286    0.2857  -10.5170    9.3489   14.1690   14.5123   13.2778
   11.4498    8.8571    7.1429    0.2857   -8.9714    7.5514   11.4534   12.6070   10.3944
   12.1520   10.3176    7.7143    0.2857  -10.0000    7.6437   12.1553   14.3685   10.8598
   13.3037    9.4286    7.7143    0.2857   -9.2531    8.1169   13.3068   13.2105   11.1980
   13.8754   10.2466    8.2857    0.2857  -10.5714    7.9848   13.8783   14.7224   11.5070
   14.6386    9.4286    8.2857    0.2857   -9.9099    8.6259   14.6413   13.6786   11.9607
   13.0292   10.0000    9.4045    0.2857  -10.2371    8.8571   13.0324   14.3107   12.9187
   14.2874   10.3615    9.4286    0.2857  -10.5714    9.6036   14.2902   14.8026   13.4584
   11.6646    9.4286    7.7143    0.2857   -8.9593    7.7760   11.6681   13.0064   10.9534
   15.1381   10.5714    8.8571    0.2857  -10.7715    8.8534   15.1408   15.0924   12.5232
   13.4854    9.4286    8.2857    0.2857   -9.5270    8.0894   13.4884   13.4038   11.5798
   14.4671    9.4286   10.6379   -0.2857   -9.8326   10.5714   14.4699   13.6227   14.9973
   15.6160   10.0000   10.6030   -0.2857  -10.1459   11.1429   15.6186   14.2457   15.3814
   10.3857    7.1429    2.0000    0.2857   -7.4110    2.0810   10.3897   10.2929    2.8863
   11.0513    8.8571    4.8571    0.2857   -8.6411    5.0714   11.0550   12.3741    7.0222
   11.7143   10.0000    5.4286    0.2275   -9.8056    5.7781   11.7165   14.0054    7.9281
   12.4626    7.1429    6.5714    0.2857   -7.4299    6.5260   12.4659   10.3065    9.2614
   13.0497    8.8571    7.1429    0.2857   -9.1356    6.8881   13.0528   12.7243    9.9230
   13.6111   10.0000    7.1429    0.2857  -10.2746    7.3942   13.6141   14.3376   10.2808
   14.0000    8.2857    7.7143    0.1458   -8.1004    8.0525   14.0008   11.5874   11.1514
   14.5200    9.4286    8.2857    0.2857   -9.4916    8.2285   14.5228   13.3787   11.6774
   10.5640    7.1429    6.0000    0.2857   -7.6712    6.0321   10.5679   10.4818    8.5080
   11.1429    8.9285    6.0000   -0.2235   -8.8571    6.0534   11.1451   12.5764    8.5231
   11.7143   10.2335    6.5714   -0.2794  -10.0000    6.6367   11.7176   14.3082    9.3397
   12.7093    7.7143    7.1429    0.2857   -7.9240    7.4774   12.7125   11.0589   10.3408
   13.2942    9.4286    7.7143    0.2857   -9.1219    7.4101   13.2972   13.1189   10.6967
   13.8208   10.2137    7.7143    0.2857  -10.5714    7.9259   13.8237   14.6995   11.0603
   14.3107    8.2857    8.2857   -0.2857   -8.4605    8.4442   14.3136   11.8420   11.8304
   14.6366    9.4286    8.8571    0.2857   -9.8741    8.5311   14.6394   13.6527   12.2975
   10.9009    7.7143    6.5714    0.2857   -7.5633    7.0703   10.9047   10.8034    9.6526
   11.5505    9.4286    7.1429    0.2857   -8.9492    7.0147   11.5540   12.9995   10.0113
   12.9356    8.2857    7.7143   -0.2857   -7.8788    8.0974   12.9388   11.4337   11.1838
   13.4286    9.4286    8.2857    0.0272   -9.4962    7.9916   13.4286   13.3819   11.5116
   14.0000   10.4821    8.2857    0.0111  -10.5714    8.3801   14.0000   14.8873   11.7847
   15.3667   10.5714    9.4286    0.2857  -10.9889    9.1409   15.3694   15.2483   13.1322
   15.1381   10.5714    8.8571    0.2857  -10.7715    8.8534   15.1408   15.0924   12.5232
    9.3590    6.0000    3.1429    0.2857   -5.9980    3.2675    9.3633    8.4838    4.5337
   10.3863    7.9408    4.8571    0.2857   -8.2857    4.5186   10.3902   11.4764    6.6339
   11.6086    9.4286    5.4286    0.2857   -9.7986    5.3206   11.6121   13.5982    7.6012
   12.1230    7.1429    6.5714    0.2857   -7.1633    6.3249   12.1263   10.1160    9.1208
   12.8480    8.8571    6.5714   -0.2857   -8.9828    6.8992   12.8512   12.6151    9.5280
   13.5715   10.0000    7.1429    0.2857  -10.2367    7.2551   13.5745   14.3105   10.1812
   13.7208    8.2857    7.7143   -0.2857   -7.9066    7.6528   13.7238   11.4529   10.8663
   14.3760    9.4286    8.2857    0.2857   -9.3174    8.0093   14.3789   13.2556   11.5240
   14.9517   10.5714    8.2857    0.2857  -10.2899    8.4659   14.9544   14.7525   11.8459
    2.8870    7.1242    1.7605    0.2857   -7.1429    1.4286    2.9011   10.0883    2.2672
    9.3907    8.2857    4.2339    0.2857   -8.3322    3.6625    9.3951   11.7507    5.5982
   11.5193   10.0000    5.4286    0.2857   -9.6312    5.4006   11.5229   13.8838    7.6574
    8.7271    7.1429    4.2857    0.2857   -6.9915    4.3936    8.7317    9.9951    6.1377
   10.4938    8.7744    5.4286    0.2857   -8.8571    5.7316   10.4977   12.4675    7.8944
   12.0376   10.2357    6.5714    0.2857  -10.0000    6.7577   12.0410   14.3098    9.4261
    9.7341    7.3448    6.5714    0.2857   -7.7143    6.3447    9.7383   10.6516    9.1345
   11.1429    8.8571    7.1429   -0.0804   -9.3717    6.7364   11.1431   12.8949    9.8183
   12.6410   10.5277    7.7143    0.2857  -10.0000    7.2757   12.6443   14.5201   10.6041
   11.1429    8.8571    7.1429    0.2271   -8.6133    7.1847   11.1452   12.3546   10.1311
   11.9301   10.0000    7.1429    0.2857   -9.7987    7.5107   11.9335   14.0005   10.3649
   13.1283    8.8571    7.7143    0.2857   -9.1249    7.5259   13.1314   12.7166   10.7773
   13.6825   10.0000    7.7143    0.2857  -10.2694    7.8086   13.6855   14.3339   10.9766
   14.4348    9.4286    8.2857    0.2857   -9.3545    8.2848   14.4376   13.2818   11.7171
   12.5558   10.0000    8.8582    0.2857   -9.8309    8.8571   12.5590   14.0231   12.5266
   14.1501   10.0000    9.4286    0.2857  -10.5032    9.3255   14.1529   14.5023   13.2614
   10.4643    8.8571    7.1429    0.2857   -8.5354    7.0509   10.4682   12.3005   10.0367
   12.0669   10.0000    7.1429    0.2857   -9.8855    7.5295   12.0703   14.0614   10.3785
   13.0240   10.0000    8.8571    0.2857  -10.1633    9.2740   13.0272   14.2581   12.8240
   11.0064    8.8571    7.1429    0.2857   -8.8485    7.4358   11.0101   12.5198   10.3107
   12.2857   10.3479    7.7143   -0.1953  -10.0000    7.6786   12.2873   14.3903   10.8844
   13.3404   10.0354    9.4286    0.2857  -10.5714    9.1767   13.3435   14.5762   13.1571
   11.5923    9.4286    7.7143    0.2857   -8.8882    7.7094   11.5959   12.9576   10.9062
   10.2906    8.8571    7.1429    0.2857   -8.4079    6.9586   10.2946   12.2124    9.9721
   11.7143   10.0000    7.1429   -0.1380   -9.7394    7.4278   11.7151   13.9591   10.3050
   12.8571   10.0000    8.8571    0.2776   -9.9437    8.9372   12.8601   14.1024   12.5826