   11.1429    7.1429    8.8571   -0.1941   -7.2455    8.6905   11.1445   10.1744   12.4086
   11.9768    7.1429   10.0000    0.2857   -7.5398    9.8819   11.9803   10.3860   14.0588
   13.2556    7.7143    9.4286    0.2857   -7.7641    8.9575   13.2587   10.9449   13.0052
   13.7039    7.7143   10.0000    0.2857   -7.8218   10.3016   13.7068   10.9860   14.3570
   14.5471    8.2857    9.4286    0.2857   -8.4078    9.5141   14.5499   11.8044   13.3946
   12.6890    8.9517   10.0000    0.2857   -8.8571    9.9340   12.6922   12.5929   14.0956
   14.1661    9.4286   10.0000    0.2857   -9.3489   10.5170   14.1690   13.2778   14.5123
   11.4498    7.1429    8.8571    0.2857   -7.5514    8.9714   11.4534   10.3944   12.6070
   12.1520    7.7143   10.3176    0.2857   -7.6437   10.0000   12.1553   10.8598   14.3685
   13.3037    7.7143    9.4286    0.2857   -8.1169    9.2531   13.3068   11.1980   13.2105
   13.8754    8.2857   10.2466    0.2857   -7.9848   10.5714   13.8783   11.5070   14.7224
   14.6386    8.2857    9.4286    0.2857   -8.6259    9.9099   14.6413   11.9607   13.6786
   13.0292    9.4045   10.0000    0.2857   -8.8571   10.2371   13.0324   12.9187   14.3107
   14.2874    9.4286   10.3615    0.2857   -9.6036   10.5714   14.2902   13.4584   14.8026
   11.6646    7.7143    9.4286    0.2857   -7.7760    8.9593   11.6681   10.9534   13.0064
   15.1381    8.8571   10.5714    0.2857   -8.8534   10.7715   15.1408   12.5232   15.0924
   13.4854    8.2857    9.4286    0.2857   -8.0894    9.5270   13.4884   11.5798   13.4038
   14.4671   10.6379    9.4286   -0.2857  -10.5714    9.8326   14.4699   14.9973   13.6227
   15.6160   10.6030   10.0000   -0.2857  -11.1429   10.1459   15.6186   15.3814   14.2457
   10.3857    2.0000    7.1429    0.2857   -2.0810    7.4110   10.3897    2.8863   10.2929
   11.0513    4.8571    8.8571    0.2857   -5.0714    8.6411   11.0550    7.0222   12.3741
   11.7143    5.4286   10.0000    0.2275   -5.7781    9.8056   11.7165    7.9281   14.0054
   12.4626    6.5714    7.1429    0.2857   -6.5260    7.4299   12.4659    9.2614   10.3065
   13.0497    7.1429    8.8571    0.2857   -6.8881    9.1356   13.0528    9.9230   12.7243
   13.6111    7.1429   10.0000    0.2857   -7.3942   10.2746   13.6141   10.2808   14.3376
   14.0000    7.7143    8.2857    0.1458   -8.0525    8.1004   14.0008   11.1514   11.5874
   14.5200    8.2857    9.4286    0.2857   -8.2285    9.4916   14.5228   11.6774   13.3787
   10.5640    6.0000    7.1429    0.2857   -6.0321    7.6712   10.5679    8.5080   10.4818
   11.1429    6.0000    8.9285   -0.2235   -6.0534    8.8571   11.1451    8.5231   12.5764
   11.7143    6.5714   10.2335   -0.2794   -6.6367   10.0000   11.7176    9.3397   14.3082
   12.7093    7.1429    7.7143    0.2857   -7.4774    7.9240   12.7125   10.3408   11.0589
   13.2942    7.7143    9.4286    0.2857   -7.4101    9.1219   13.2972   10.6967   13.1189
   13.8208    7.7143   10.2137    0.2857   -7.9259   10.5714   13.8237   11.0603   14.6995
   14.3107    8.2857    8.2857   -0.2857   -8.4442    8.4605   14.3136   11.8304   11.8420
   14.6366    8.8571    9.4286    0.2857   -8.5311    9.8741   14.6394   12.2975   13.6527
   10.9009    6.5714    7.7143    0.2857   -7.0703    7.5633   10.9047    9.6526   10.8034
   11.5505    7.1429    9.4286    0.2857   -7.0147    8.9492   11.5540   10.0113   12.9995
   12.9356    7.7143    8.2857   -0.2857   -8.0974    7.8788   12.9388   11.1838   11.4337
   13.4286    8.2857    9.4286    0.0272   -7.9916    9.4962   13.4286   11.5116   13.3819
   14.0000    8.2857   10.4821    0.0111   -8.3801   10.5714   14.0000   11.7847   14.8873
   15.3667    9.4286   10.5714    0.2857   -9.1409   10.9889   15.3694   13.1322   15.2483
   15.1381    8.8571   10.5714    0.2857   -8.8534   10.7715   15.1408   12.5232   15.0924
    9.3590    3.1429    6.0000    0.2857   -3.2675    5.9980    9.3633    4.5337    8.4838
   10.3863    4.8571    7.9408    0.2857   -4.5186    8.2857   10.3902    6.6339   11.4764
   11.6086    5.4286    9.4286    0.2857   -5.3206    9.7986   11.6121    7.6012   13.5982
   12.1230    6.5714    7.1429    0.2857   -6.3249    7.1633   12.1263    9.1208   10.1160
   12.8480    6.5714    8.8571   -0.2857   -6.8992    8.9828   12.8512    9.5280   12.6151
   13.5715    7.1429   10.0000    0.2857   -7.2551   10.2367   13.5745   10.1812   14.3105
   13.7208    7.7143    8.2857   -0.2857   -7.6528    7.9066   13.7238   10.8663   11.4529
   14.3760    8.2857    9.4286    0.2857   -8.0093    9.3174   14.3789   11.5240   13.2556
   14.9517    8.2857   10.5714    0.2857   -8.4659   10.2899   14.9544   11.8459   14.7525
    2.8870    1.7605    7.1242    0.2857   -1.4286    7.1429    2.9011    2.2672   10.0883
    9.3907    4.2339    8.2857    0.2857   -3.6625    8.3322    9.3951    5.5982   11.7507
   11.5193    5.4286   10.0000    0.2857   -5.4006    9.6312   11.5229    7.6574   13.8838
    8.7271    4.2857    7.1429    0.2857   -4.3936    6.9915    8.7317    6.1377    9.9951
   10.4938    5.4286    8.7744    0.2857   -5.7316    8.8571   10.4977    7.8944   12.4675
   12.0376    6.5714   10.2357    0.2857   -6.7577   10.0000   12.0410    9.4261   14.3098
    9.7341    6.5714    7.3448    0.2857   -6.3447    7.7143    9.7383    9.1345   10.6516
   11.1429    7.1429    8.8571   -0.0804   -6.7364    9.3717   11.1431    9.8183   12.8949
   12.6410    7.7143   10.5277    0.2857   -7.2757   10.0000   12.6443   10.6041   14.5201
   11.1429    7.1429    8.8571    0.2271   -7.1847    8.6133   11.1452   10.1311   12.3546
   11.9301    7.1429   10.0000    0.2857   -7.5107    9.7987   11.9335   10.3649   14.0005
   13.1283    7.7143    8.8571    0.2857   -7.5259    9.1249   13.1314   10.7773   12.7166
   13.6825    7.7143   10.0000    0.2857   -7.8086   10.2694   13.6855   10.9766   14.3339
   14.4348    8.2857    9.4286    0.2857   -8.2848    9.3545   14.4376   11.7171   13.2818
   12.5558    8.8582   10.0000    0.2857   -8.8571    9.8309   12.5590   12.5266   14.0231
   14.1501    9.4286   10.0000    0.2857   -9.3255   10.5032   14.1529   13.2614   14.5023
   10.4643    7.1429    8.8571    0.2857   -7.0509    8.5354   10.4682   10.0367   12.3005
   12.0669    7.1429   10.0000    0.2857   -7.5295    9.8855   12.0703   10.3785   14.0614
   13.0240    8.8571   10.0000    0.2857   -9.2740   10.1633   13.0272   12.8240   14.2581
   11.0064    7.1429    8.8571    0.2857   -7.4358    8.8485   11.0101   10.3107   12.5198
   12.2857    7.7143   10.3479   -0.1953   -7.6786   10.0000   12.2873   10.8844   14.3903
   13.3404    9.4286   10.0354    0.2857   -9.1767   10.5714   13.3435   13.1571   14.5762
   11.5923    7.7143    9.4286    0.2857   -7.7094    8.8882   11.5959   10.9062   12.9576
   10.2906    7.1429    8.8571    0.2857   -6.9586    8.4079   10.2946    9.9721   12.2124
   11.7143    7.1429   10.0000   -0.1380   -7.4278    9.7394   11.7151   10.3050   13.9591
   12.8571    8.8571   10.0000    0.2776   -8.9372    9.9437   12.8601   12.5826   14.1024