   10.5491    7.3619    7.3619    0.2878   -7.1946    7.1946   10.5531   10.2937   10.2937
   12.7484    7.7143    7.7143    0.2878   -7.4801    7.4801   12.7516   10.7453   10.7453
   14.1582    8.2857    8.2857    0.2878   -8.1316    8.1316   14.1611   11.6093   11.6093
   11.7558    8.8571    8.8571    0.2878   -8.8399    8.8399   11.7593   12.5137   12.5137
   13.5881    9.4286    9.4286    0.2878   -9.1183    9.1183   13.5912   13.1165   13.1165
   15.0369    9.9145    9.9145    0.2878   -9.4969    9.4969   15.0397   13.7291   13.7291
   10.7982    7.6490    7.6490    0.2878   -7.1946    7.1946   10.8020   10.5009   10.5009
   12.7995    7.8653    7.8653    0.2878   -7.7702    7.7702   12.8027   11.0561   11.0561
   14.3425    8.3729    8.3729    0.2878   -8.3458    8.3458   14.3454   11.8219   11.8219
   12.0256    9.2841    9.2841    0.2878   -8.9213    8.9213   12.0290   12.8757   12.8757
   13.7757    9.4286    9.4286    0.2878   -9.3556    9.3556   13.7787   13.2825   13.2825
   14.8068   10.5714   10.5714    0.2878  -10.5071   10.5071   14.8096   14.9048   14.9048
   15.0712   10.0000   10.0000    0.2878   -9.6145    9.6145   15.0740   13.8722   13.8722
   15.9743   11.0959   11.0959    0.2878  -10.6480   10.6480   15.9769   15.3785   15.3785
   11.0490    7.7143    7.7143    0.2878   -7.5357    7.5357   11.0527   10.7841   10.7841
   12.9993    8.2857    8.2857    0.2878   -7.8193    7.8193   13.0025   11.3928   11.3928
   12.2388    9.4286    9.4286    0.2878   -9.0557    9.0557   12.2422   13.0730   13.0730
   13.9536    9.6086    9.6086    0.2878   -9.4969    9.4969   13.9565   13.5098   13.5098
   15.0013   10.7035   10.7035    0.2878  -10.6480   10.6480   15.0040   15.0978   15.0978
   15.2396   10.0000   10.0000    0.2878   -9.8790    9.8790   15.2423   14.0568   14.0568
   16.1633   11.1429   11.1429    0.2878  -10.8904   10.8904   16.1659   15.5809   15.5809
   10.0085    2.0000    2.0000    0.2878   -2.1434    2.1434   10.0126    2.9315    2.9315
   12.0004    6.5714    6.5714    0.2878   -6.2657    6.2657   12.0038    9.0798    9.0798
   13.9308    7.8971    7.8971    0.2878   -7.7702    7.7702   13.9338   11.0788   11.0788
   10.3657    6.0000    6.0000    0.2878   -5.7130    5.7130   10.3697    8.2849    8.2849
   12.5967    7.3335    7.3335    0.2878   -7.1946    7.1946   12.6000   10.2734   10.2734
   14.2974    8.2857    8.2857    0.2878   -8.3249    8.3249   14.3003   11.7455   11.7455
   10.6540    6.8644    6.8644    0.2878   -6.6190    6.6190   10.6579    9.5358    9.5358
   12.8827    7.9882    7.9882    0.2878   -7.7702    7.7702   12.8859   11.1439   11.1439
   14.4678    8.8571    8.8571    0.2878   -8.7247    8.7247   14.4706   12.4326   12.4326
   10.6006    7.1429    7.1429    0.2878   -6.8428    6.8428   10.6045    9.8916    9.8916
   12.5557    7.1429    7.1429    0.2878   -7.3404    7.3404   12.5590   10.2422   10.2422
   14.0092    8.2857    8.2857    0.2878   -8.0217    8.0217   14.0121   11.5326   11.5326
   11.6534    8.8571    8.8571    0.2878   -8.4802    8.4802   11.6569   12.2623   12.2623
   13.6283    9.4286    9.4286    0.2878   -8.9663    8.9663   13.6313   13.0112   13.0112
   14.9874    9.8140    9.8140    0.2878   -9.4969    9.4969   14.9902   13.6567   13.6567
   15.9373   10.9554   10.9554    0.2878  -10.6480   10.6480   15.9399   15.2775   15.2775
    5.8641    7.1429    7.1429    0.2878   -7.1532    7.1532    5.8711   10.1089   10.1089
   11.7631    8.8571    8.8571    0.2878   -8.8174    8.8174   11.7666   12.4979   12.4979
    9.4246    7.1429    7.1429    0.2878   -6.9818    6.9818    9.4290    9.9883    9.9883
   12.1554    9.2334    9.2334    0.2878   -8.9213    8.9213   12.1588   12.8392   12.8392
   10.1774    7.7143    7.7143    0.2878   -7.3077    7.3077   10.1815   10.6260   10.6260
   12.6544    9.4286    9.4286    0.2878   -9.1268    9.1268   12.6576   13.1224   13.1224
   14.6613   10.5714   10.5714    0.2878  -10.6151   10.6151   14.6641   14.9811   14.9811
    6.5325    3.7143    3.7143    0.2878   -3.3444    3.3444    6.5389    4.9981    4.9981
   11.4870    6.0000    6.0000    0.2878   -6.1533    6.1533   11.4906    8.5943    8.5943
   13.5515    7.7143    7.7143    0.2878   -7.4322    7.4322   13.5545   10.7120   10.7120
    4.8571    6.9761    6.9761   -0.4854   -6.6190    6.6190    4.8813    9.6166    9.6166
   11.6097    8.8571    8.8571    0.2878   -8.4173    8.4173   11.6133   12.2188   12.2188
   13.8827   10.2718   10.2718    0.2878  -10.0725   10.0725   13.8857   14.3862   14.3862