   1.0000000e+00   1.0000000e+00   1.0000000e+00   1.0000000e+00   1.0553100e+01   1.0293700e+01   1.0293700e+01   1.0000000e+00   1.0000000e+00
   2.0000000e+00   1.0000000e+00   1.0000000e+00   1.0000000e+00   1.2751600e+01   1.0745300e+01   1.0745300e+01   1.0000000e+00   2.0000000e+00
   3.0000000e+00   1.0000000e+00   1.0000000e+00   1.0000000e+00   1.4161100e+01   1.1609300e+01   1.1609300e+01   1.0000000e+00   3.0000000e+00
   1.0000000e+00   2.0000000e+00   1.0000000e+00   2.0000000e+00   1.1759300e+01   1.2513700e+01   1.2513700e+01   1.0000000e+00   4.0000000e+00
   2.0000000e+00   2.0000000e+00   1.0000000e+00   2.0000000e+00   1.3591200e+01   1.3116500e+01   1.3116500e+01   1.0000000e+00   5.0000000e+00
   3.0000000e+00   2.0000000e+00   1.0000000e+00   2.0000000e+00   1.5039700e+01   1.3729100e+01   1.3729100e+01   1.0000000e+00   6.0000000e+00
   1.0000000e+00   1.0000000e+00   2.0000000e+00   1.0000000e+00   1.0802000e+01   1.0500900e+01   1.0500900e+01   1.0000000e+00   7.0000000e+00
   2.0000000e+00   1.0000000e+00   2.0000000e+00   1.0000000e+00   1.2802700e+01   1.1056100e+01   1.1056100e+01   1.0000000e+00   8.0000000e+00
   3.0000000e+00   1.0000000e+00   2.0000000e+00   1.0000000e+00   1.4345400e+01   1.1821900e+01   1.1821900e+01   1.0000000e+00   9.0000000e+00
   1.0000000e+00   2.0000000e+00   2.0000000e+00   2.0000000e+00   1.2029000e+01   1.2875700e+01   1.2875700e+01   1.0000000e+00   1.0000000e+01
   2.0000000e+00   2.0000000e+00   2.0000000e+00   2.0000000e+00   1.3778700e+01   1.3282500e+01   1.3282500e+01   1.0000000e+00   1.1000000e+01
   2.0000000e+00   3.0000000e+00   2.0000000e+00   3.0000000e+00   1.4809600e+01   1.4904800e+01   1.4904800e+01   1.0000000e+00   1.2000000e+01
   3.0000000e+00   2.0000000e+00   2.0000000e+00   2.0000000e+00   1.5074000e+01   1.3872200e+01   1.3872200e+01   1.0000000e+00   1.3000000e+01
   3.0000000e+00   3.0000000e+00   2.0000000e+00   3.0000000e+00   1.5976900e+01   1.5378500e+01   1.5378500e+01   1.0000000e+00   1.4000000e+01
   1.0000000e+00   1.0000000e+00   3.0000000e+00   1.0000000e+00   1.1052700e+01   1.0784100e+01   1.0784100e+01   1.0000000e+00   1.5000000e+01
   2.0000000e+00   1.0000000e+00   3.0000000e+00   1.0000000e+00   1.3002500e+01   1.1392800e+01   1.1392800e+01   1.0000000e+00   1.6000000e+01
   1.0000000e+00   2.0000000e+00   3.0000000e+00   2.0000000e+00   1.2242200e+01   1.3073000e+01   1.3073000e+01   1.0000000e+00   1.7000000e+01
   2.0000000e+00   2.0000000e+00   3.0000000e+00   2.0000000e+00   1.3956500e+01   1.3509800e+01   1.3509800e+01   1.0000000e+00   1.8000000e+01
   2.0000000e+00   3.0000000e+00   3.0000000e+00   3.0000000e+00   1.5004000e+01   1.5097800e+01   1.5097800e+01   1.0000000e+00   1.9000000e+01
   3.0000000e+00   2.0000000e+00   3.0000000e+00   2.0000000e+00   1.5242300e+01   1.4056800e+01   1.4056800e+01   1.0000000e+00   2.0000000e+01
   3.0000000e+00   3.0000000e+00   3.0000000e+00   3.0000000e+00   1.6165900e+01   1.5580900e+01   1.5580900e+01   1.0000000e+00   2.1000000e+01
   1.0000000e+00   0.0000000e+00   1.0000000e+00   0.0000000e+00   1.0012600e+01   2.9315000e+00   2.9315000e+00   2.0000000e+00   1.0000000e+00
   2.0000000e+00   0.0000000e+00   1.0000000e+00   0.0000000e+00   1.2003800e+01   9.0798000e+00   9.0798000e+00   2.0000000e+00   2.0000000e+00
   3.0000000e+00   0.0000000e+00   1.0000000e+00   0.0000000e+00   1.3933800e+01   1.1078800e+01   1.1078800e+01   2.0000000e+00   3.0000000e+00
   1.0000000e+00   0.0000000e+00   2.0000000e+00   0.0000000e+00   1.0369700e+01   8.2849000e+00   8.2849000e+00   2.0000000e+00   4.0000000e+00
   2.0000000e+00   0.0000000e+00   2.0000000e+00   0.0000000e+00   1.2600000e+01   1.0273400e+01   1.0273400e+01   2.0000000e+00   5.0000000e+00
   3.0000000e+00   0.0000000e+00   2.0000000e+00   0.0000000e+00   1.4300300e+01   1.1745500e+01   1.1745500e+01   2.0000000e+00   6.0000000e+00
   1.0000000e+00   0.0000000e+00   3.0000000e+00   0.0000000e+00   1.0657900e+01   9.5358000e+00   9.5358000e+00   2.0000000e+00   7.0000000e+00
   2.0000000e+00   0.0000000e+00   3.0000000e+00   0.0000000e+00   1.2885900e+01   1.1143900e+01   1.1143900e+01   2.0000000e+00   8.0000000e+00
   3.0000000e+00   0.0000000e+00   3.0000000e+00   0.0000000e+00   1.4470600e+01   1.2432600e+01   1.2432600e+01   2.0000000e+00   9.0000000e+00
   1.0000000e+00   1.0000000e+00   0.0000000e+00   1.0000000e+00   1.0604500e+01   9.8916000e+00   9.8916000e+00   3.0000000e+00   1.0000000e+00
   2.0000000e+00   1.0000000e+00   0.0000000e+00   1.0000000e+00   1.2559000e+01   1.0242200e+01   1.0242200e+01   3.0000000e+00   2.0000000e+00
   3.0000000e+00   1.0000000e+00   0.0000000e+00   1.0000000e+00   1.4012100e+01   1.1532600e+01   1.1532600e+01   3.0000000e+00   3.0000000e+00
   1.0000000e+00   2.0000000e+00   0.0000000e+00   2.0000000e+00   1.1656900e+01   1.2262300e+01   1.2262300e+01   3.0000000e+00   4.0000000e+00
   2.0000000e+00   2.0000000e+00   0.0000000e+00   2.0000000e+00   1.3631300e+01   1.3011200e+01   1.3011200e+01   3.0000000e+00   5.0000000e+00
   3.0000000e+00   2.0000000e+00   0.0000000e+00   2.0000000e+00   1.4990200e+01   1.3656700e+01   1.3656700e+01   3.0000000e+00   6.0000000e+00
   3.0000000e+00   3.0000000e+00   0.0000000e+00   3.0000000e+00   1.5939900e+01   1.5277500e+01   1.5277500e+01   3.0000000e+00   7.0000000e+00
   0.0000000e+00   1.0000000e+00   1.0000000e+00   1.0000000e+00   5.8711000e+00   1.0108900e+01   1.0108900e+01   4.0000000e+00   1.0000000e+00
   0.0000000e+00   2.0000000e+00   1.0000000e+00   2.0000000e+00   1.1766600e+01   1.2497900e+01   1.2497900e+01   4.0000000e+00   2.0000000e+00
   0.0000000e+00   1.0000000e+00   2.0000000e+00   1.0000000e+00   9.4290000e+00   9.9883000e+00   9.9883000e+00   4.0000000e+00   3.0000000e+00
   0.0000000e+00   2.0000000e+00   2.0000000e+00   2.0000000e+00   1.2158800e+01   1.2839200e+01   1.2839200e+01   4.0000000e+00   4.0000000e+00
   0.0000000e+00   1.0000000e+00   3.0000000e+00   1.0000000e+00   1.0181500e+01   1.0626000e+01   1.0626000e+01   4.0000000e+00   5.0000000e+00
   0.0000000e+00   2.0000000e+00   3.0000000e+00   2.0000000e+00   1.2657600e+01   1.3122400e+01   1.3122400e+01   4.0000000e+00   6.0000000e+00
   0.0000000e+00   3.0000000e+00   3.0000000e+00   3.0000000e+00   1.4664100e+01   1.4981100e+01   1.4981100e+01   4.0000000e+00   7.0000000e+00
   1.0000000e+00   0.0000000e+00   0.0000000e+00   0.0000000e+00   6.5389000e+00   4.9981000e+00   4.9981000e+00   5.0000000e+00   1.0000000e+00
   2.0000000e+00   0.0000000e+00   0.0000000e+00   0.0000000e+00   1.1490600e+01   8.5943000e+00   8.5943000e+00   5.0000000e+00   2.0000000e+00
   3.0000000e+00   0.0000000e+00   0.0000000e+00   0.0000000e+00   1.3554500e+01   1.0712000e+01   1.0712000e+01   5.0000000e+00   3.0000000e+00
   0.0000000e+00   1.0000000e+00   0.0000000e+00   1.0000000e+00   4.8813000e+00   9.6166000e+00   9.6166000e+00   7.0000000e+00   1.0000000e+00
   0.0000000e+00   2.0000000e+00   0.0000000e+00   2.0000000e+00   1.1613300e+01   1.2218800e+01   1.2218800e+01   7.0000000e+00   2.0000000e+00
   0.0000000e+00   3.0000000e+00   0.0000000e+00   3.0000000e+00   1.3885700e+01   1.4386200e+01   1.4386200e+01   7.0000000e+00   3.0000000e+00
