   1.0000000e+00   1.0000000e+00   1.0000000e+00   2.0000000e+00   1.1144500e+01   1.0174400e+01   1.2408600e+01   1   1.0000000e+00
   1.0000000e+00   1.0000000e+00   1.0000000e+00   3.0000000e+00   1.1980300e+01   1.0386000e+01   1.4058800e+01   1   2.0000000e+00
   2.0000000e+00   1.0000000e+00   1.0000000e+00   2.0000000e+00   1.3258700e+01   1.0944900e+01   1.3005200e+01   1   3.0000000e+00
   2.0000000e+00   1.0000000e+00   1.0000000e+00   3.0000000e+00   1.3706800e+01   1.0986000e+01   1.4357000e+01   1   4.0000000e+00
   3.0000000e+00   1.0000000e+00   1.0000000e+00   2.0000000e+00   1.4549900e+01   1.1804400e+01   1.3394600e+01   1   5.0000000e+00
   1.0000000e+00   2.0000000e+00   1.0000000e+00   3.0000000e+00   1.2692200e+01   1.2592900e+01   1.4095600e+01   1   6.0000000e+00
   2.0000000e+00   2.0000000e+00   1.0000000e+00   3.0000000e+00   1.4169000e+01   1.3277800e+01   1.4512300e+01   1   7.0000000e+00
   1.0000000e+00   1.0000000e+00   2.0000000e+00   2.0000000e+00   1.1453400e+01   1.0394400e+01   1.2607000e+01   1   8.0000000e+00
   1.0000000e+00   1.0000000e+00   2.0000000e+00   3.0000000e+00   1.2155300e+01   1.0859800e+01   1.4368500e+01   1   9.0000000e+00
   2.0000000e+00   1.0000000e+00   2.0000000e+00   2.0000000e+00   1.3306800e+01   1.1198000e+01   1.3210500e+01   1   1.0000000e+01
   2.0000000e+00   1.0000000e+00   2.0000000e+00   3.0000000e+00   1.3878300e+01   1.1507000e+01   1.4722400e+01   1   1.1000000e+01
   3.0000000e+00   1.0000000e+00   2.0000000e+00   2.0000000e+00   1.4641300e+01   1.1960700e+01   1.3678600e+01   1   1.2000000e+01
   1.0000000e+00   2.0000000e+00   2.0000000e+00   3.0000000e+00   1.3032400e+01   1.2918700e+01   1.4310700e+01   1   1.3000000e+01
   2.0000000e+00   2.0000000e+00   2.0000000e+00   3.0000000e+00   1.4290200e+01   1.3458400e+01   1.4802600e+01   1   1.4000000e+01
   3.0000000e+00   2.0000000e+00   2.0000000e+00   3.0000000e+00   1.1668100e+01   1.0953400e+01   1.3006400e+01   1   1.5000000e+01
   1.0000000e+00   1.0000000e+00   3.0000000e+00   2.0000000e+00   1.5140800e+01   1.2523200e+01   1.5092400e+01   1   1.6000000e+01
   2.0000000e+00   1.0000000e+00   3.0000000e+00   2.0000000e+00   1.3488400e+01   1.1579800e+01   1.3403800e+01   1   1.7000000e+01
   2.0000000e+00   3.0000000e+00   3.0000000e+00   2.0000000e+00   1.4469900e+01   1.4997300e+01   1.3622700e+01   1   1.8000000e+01
   3.0000000e+00   3.0000000e+00   3.0000000e+00   2.0000000e+00   1.5618600e+01   1.5381400e+01   1.4245700e+01   1   1.9000000e+01
   1.0000000e+00   0.0000000e+00   1.0000000e+00   1.0000000e+00   1.0389700e+01   2.8863000e+00   1.0292900e+01   2   1.0000000e+00
   1.0000000e+00   0.0000000e+00   1.0000000e+00   2.0000000e+00   1.1055000e+01   7.0222000e+00   1.2374100e+01   2   2.0000000e+00
   1.0000000e+00   0.0000000e+00   1.0000000e+00   3.0000000e+00   1.1716500e+01   7.9281000e+00   1.4005400e+01   2   3.0000000e+00
   2.0000000e+00   0.0000000e+00   1.0000000e+00   1.0000000e+00   1.2465900e+01   9.2614000e+00   1.0306500e+01   2   4.0000000e+00
   2.0000000e+00   0.0000000e+00   1.0000000e+00   2.0000000e+00   1.3052800e+01   9.9230000e+00   1.2724300e+01   2   5.0000000e+00
   2.0000000e+00   0.0000000e+00   1.0000000e+00   3.0000000e+00   1.3614100e+01   1.0280800e+01   1.4337600e+01   2   6.0000000e+00
   3.0000000e+00   0.0000000e+00   1.0000000e+00   1.0000000e+00   1.4000800e+01   1.1151400e+01   1.1587400e+01   2   7.0000000e+00
   3.0000000e+00   0.0000000e+00   1.0000000e+00   2.0000000e+00   1.4522800e+01   1.1677400e+01   1.3378700e+01   2   8.0000000e+00
   1.0000000e+00   0.0000000e+00   2.0000000e+00   1.0000000e+00   1.0567900e+01   8.5080000e+00   1.0481800e+01   2   9.0000000e+00
   1.0000000e+00   0.0000000e+00   2.0000000e+00   2.0000000e+00   1.1145100e+01   8.5231000e+00   1.2576400e+01   2   1.0000000e+01
   1.0000000e+00   0.0000000e+00   2.0000000e+00   3.0000000e+00   1.1717600e+01   9.3397000e+00   1.4308200e+01   2   1.1000000e+01
   2.0000000e+00   0.0000000e+00   2.0000000e+00   1.0000000e+00   1.2712500e+01   1.0340800e+01   1.1058900e+01   2   1.2000000e+01
   2.0000000e+00   0.0000000e+00   2.0000000e+00   2.0000000e+00   1.3297200e+01   1.0696700e+01   1.3118900e+01   2   1.3000000e+01
   2.0000000e+00   0.0000000e+00   2.0000000e+00   3.0000000e+00   1.3823700e+01   1.1060300e+01   1.4699500e+01   2   1.4000000e+01
   3.0000000e+00   0.0000000e+00   2.0000000e+00   1.0000000e+00   1.4313600e+01   1.1830400e+01   1.1842000e+01   2   1.5000000e+01
   3.0000000e+00   0.0000000e+00   2.0000000e+00   2.0000000e+00   1.4639400e+01   1.2297500e+01   1.3652700e+01   2   1.6000000e+01
   3.0000000e+00   0.0000000e+00   2.0000000e+00   3.0000000e+00   1.0904700e+01   9.6526000e+00   1.0803400e+01   2   1.7000000e+01
   1.0000000e+00   0.0000000e+00   3.0000000e+00   1.0000000e+00   1.1554000e+01   1.0011300e+01   1.2999500e+01   2   1.8000000e+01
   1.0000000e+00   0.0000000e+00   3.0000000e+00   2.0000000e+00   1.2938800e+01   1.1183800e+01   1.1433700e+01   2   1.9000000e+01
   2.0000000e+00   0.0000000e+00   3.0000000e+00   1.0000000e+00   1.3428600e+01   1.1511600e+01   1.3381900e+01   2   2.0000000e+01
   2.0000000e+00   0.0000000e+00   3.0000000e+00   2.0000000e+00   1.4000000e+01   1.1784700e+01   1.4887300e+01   2   2.1000000e+01
   2.0000000e+00   0.0000000e+00   3.0000000e+00   3.0000000e+00   1.5369400e+01   1.3132200e+01   1.5248300e+01   2   2.2000000e+01
   3.0000000e+00   0.0000000e+00   3.0000000e+00   3.0000000e+00   1.5140800e+01   1.2523200e+01   1.5092400e+01   2   2.3000000e+01
   1.0000000e+00   0.0000000e+00   0.0000000e+00   1.0000000e+00   9.3633000e+00   4.5337000e+00   8.4838000e+00   3   1.0000000e+00
   1.0000000e+00   0.0000000e+00   0.0000000e+00   2.0000000e+00   1.0390200e+01   6.6339000e+00   1.1476400e+01   3   2.0000000e+00
   1.0000000e+00   0.0000000e+00   0.0000000e+00   3.0000000e+00   1.1612100e+01   7.6012000e+00   1.3598200e+01   3   3.0000000e+00
   2.0000000e+00   0.0000000e+00   0.0000000e+00   1.0000000e+00   1.2126300e+01   9.1208000e+00   1.0116000e+01   3   4.0000000e+00
   2.0000000e+00   0.0000000e+00   0.0000000e+00   2.0000000e+00   1.2851200e+01   9.5280000e+00   1.2615100e+01   3   5.0000000e+00
   2.0000000e+00   0.0000000e+00   0.0000000e+00   3.0000000e+00   1.3574500e+01   1.0181200e+01   1.4310500e+01   3   6.0000000e+00
   3.0000000e+00   0.0000000e+00   0.0000000e+00   1.0000000e+00   1.3723800e+01   1.0866300e+01   1.1452900e+01   3   7.0000000e+00
   3.0000000e+00   0.0000000e+00   0.0000000e+00   2.0000000e+00   1.4378900e+01   1.1524000e+01   1.3255600e+01   3   8.0000000e+00
   3.0000000e+00   0.0000000e+00   0.0000000e+00   3.0000000e+00   1.4954400e+01   1.1845900e+01   1.4752500e+01   3   9.0000000e+00
   0.0000000e+00   0.0000000e+00   1.0000000e+00   1.0000000e+00   2.9011000e+00   2.2672000e+00   1.0088300e+01   4   1.0000000e+00
   0.0000000e+00   0.0000000e+00   1.0000000e+00   2.0000000e+00   9.3951000e+00   5.5982000e+00   1.1750700e+01   4   2.0000000e+00
   0.0000000e+00   0.0000000e+00   1.0000000e+00   3.0000000e+00   1.1522900e+01   7.6574000e+00   1.3883800e+01   4   3.0000000e+00
   0.0000000e+00   0.0000000e+00   2.0000000e+00   1.0000000e+00   8.7317000e+00   6.1377000e+00   9.9951000e+00   4   4.0000000e+00
   0.0000000e+00   0.0000000e+00   2.0000000e+00   2.0000000e+00   1.0497700e+01   7.8944000e+00   1.2467500e+01   4   5.0000000e+00
   0.0000000e+00   0.0000000e+00   2.0000000e+00   3.0000000e+00   1.2041000e+01   9.4261000e+00   1.4309800e+01   4   6.0000000e+00
   0.0000000e+00   0.0000000e+00   3.0000000e+00   1.0000000e+00   9.7383000e+00   9.1345000e+00   1.0651600e+01   4   7.0000000e+00
   0.0000000e+00   0.0000000e+00   3.0000000e+00   2.0000000e+00   1.1143100e+01   9.8183000e+00   1.2894900e+01   4   8.0000000e+00
   0.0000000e+00   0.0000000e+00   3.0000000e+00   3.0000000e+00   1.2644300e+01   1.0604100e+01   1.4520100e+01   4   9.0000000e+00
   1.0000000e+00   1.0000000e+00   0.0000000e+00   2.0000000e+00   1.1145200e+01   1.0131100e+01   1.2354600e+01   5   1.0000000e+00
   1.0000000e+00   1.0000000e+00   0.0000000e+00   3.0000000e+00   1.1933500e+01   1.0364900e+01   1.4000500e+01   5   2.0000000e+00
   2.0000000e+00   1.0000000e+00   0.0000000e+00   2.0000000e+00   1.3131400e+01   1.0777300e+01   1.2716600e+01   5   3.0000000e+00
   2.0000000e+00   1.0000000e+00   0.0000000e+00   3.0000000e+00   1.3685500e+01   1.0976600e+01   1.4333900e+01   5   4.0000000e+00
   3.0000000e+00   1.0000000e+00   0.0000000e+00   2.0000000e+00   1.4437600e+01   1.1717100e+01   1.3281800e+01   5   5.0000000e+00
   1.0000000e+00   2.0000000e+00   0.0000000e+00   3.0000000e+00   1.2559000e+01   1.2526600e+01   1.4023100e+01   5   6.0000000e+00
   2.0000000e+00   2.0000000e+00   0.0000000e+00   3.0000000e+00   1.4152900e+01   1.3261400e+01   1.4502300e+01   5   7.0000000e+00
   0.0000000e+00   1.0000000e+00   1.0000000e+00   2.0000000e+00   1.0468200e+01   1.0036700e+01   1.2300500e+01   6   1.0000000e+00
   0.0000000e+00   1.0000000e+00   1.0000000e+00   3.0000000e+00   1.2070300e+01   1.0378500e+01   1.4061400e+01   6   2.0000000e+00
   0.0000000e+00   2.0000000e+00   1.0000000e+00   3.0000000e+00   1.3027200e+01   1.2824000e+01   1.4258100e+01   6   3.0000000e+00
   0.0000000e+00   1.0000000e+00   2.0000000e+00   2.0000000e+00   1.1010100e+01   1.0310700e+01   1.2519800e+01   6   4.0000000e+00
   0.0000000e+00   1.0000000e+00   2.0000000e+00   3.0000000e+00   1.2287300e+01   1.0884400e+01   1.4390300e+01   6   5.0000000e+00
   0.0000000e+00   2.0000000e+00   2.0000000e+00   3.0000000e+00   1.3343500e+01   1.3157100e+01   1.4576200e+01   6   6.0000000e+00
   0.0000000e+00   1.0000000e+00   3.0000000e+00   2.0000000e+00   1.1595900e+01   1.0906200e+01   1.2957600e+01   6   7.0000000e+00
   0.0000000e+00   1.0000000e+00   0.0000000e+00   2.0000000e+00   1.0294600e+01   9.9721000e+00   1.2212400e+01   8   1.0000000e+00
   0.0000000e+00   1.0000000e+00   0.0000000e+00   3.0000000e+00   1.1715100e+01   1.0305000e+01   1.3959100e+01   8   2.0000000e+00
   0.0000000e+00   2.0000000e+00   0.0000000e+00   3.0000000e+00   1.2860100e+01   1.2582600e+01   1.4102400e+01   8   3.0000000e+00