0.5515    0.5515   60.0000
0.8357    0.8357   58.6336
1.1198    1.1198   57.5202
1.4040    1.4040   56.4812
1.6881    1.6881   55.2757
1.9723    1.9723   54.3186
2.2564    2.2564   53.4253
2.5406    2.5406   52.6354
2.8247    2.8247   51.8592
3.1088    3.1088   51.0451
3.3930    3.3930   50.2543
3.6771    3.6771   49.6550
3.9612    3.9612   48.9662
4.2454    4.2454   48.2874
4.5295    4.5295   47.7165
4.8137    4.8137   47.1648
5.0978    5.0978   46.5889
5.3819    5.3819   46.0275
5.6661    5.6661   45.5328
5.9502    5.9502   45.1111